-0.512639102 -0.748127523 1.2834e-05 0.0
0.81015051 0.494509899 1.1849e-05 0.0
0.801879213 0.209875025 1.868e-05 0.0
0.731893608 -0.119211717 4.644e-05 0.0
-0.87658215 -0.239819716 3.5925e-05 0.0
-0.460130502 -0.874593113 4.9961e-05 0.0
0.096543216 0.789372873 2.3205e-05 0.0
0.577508169 0.416191712 4.2696e-05 0.0
-0.683096113 0.68888434 1.1977e-05 0.0
0.245809635 -0.791830192 4.9633e-05 0.0
-0.563901486 -0.70301904 4.2573e-05 0.0
-0.469025111 0.720790374 2.366e-05 0.0
-0.479255431 -0.86850764 2.6229e-05 0.0
0.016079113 0.764541721 1.8222e-05 0.0
-0.457987372 -0.888173694 2.6656e-05 0.0
0.418912605 -0.796997657 2.3043e-05 0.0
0.019701796 -0.877066683 1.5181e-05 0.0
0.515071898 0.730443095 6.239e-06 0.0
-0.519644332 -0.618417177 2.4582e-05 0.0
0.567960934 0.528156144 5.45e-07 0.0
0.615047774 -0.641318837 2.449e-05 0.0
0.326074352 0.755896661 1.9116e-05 0.0
0.822326389 0.222239654 4.9176e-05 0.0
-0.436646524 0.625994069 3.9565e-05 0.0
0.559237959 -0.610636499 4.0264e-05 0.0
0.686289157 0.211251784 4.787e-05 0.0
0.4866113 -0.517249226 2.5506e-05 0.0
0.785103979 -0.483951246 1.533e-05 0.0
-0.294258314 0.756772718 7.462e-06 0.0
0.901320701 -0.010574731 2.0735e-05 0.0
0.141729657 -0.784706863 2.939e-06 0.0
-0.948405649 -0.102439736 4.6915e-05 0.0
0.553436497 0.565610021 1.4753e-05 0.0
-0.774098611 -0.170435671 3.1066e-05 0.0
0.975400699 -0.206913877 2.1265e-05 0.0
0.581272491 0.57444923 3.3177e-05 0.0
0.132581652 -0.732720453 1.381e-05 0.0
0.738952889 0.594189432 1.565e-05 0.0
-0.93411152 -0.046281421 1.3925e-05 0.0
-0.786318396 -0.374583862 4.3807e-05 0.0
-0.189739835 0.824985482 4.3365e-05 0.0
0.6518792 0.425921403 2.839e-06 0.0
0.667071636 0.628719257 1.222e-06 0.0
-0.660226069 -0.591911464 3.855e-05 0.0
-0.709925992 -0.258795438 2.3142e-05 0.0
0.644190889 0.575735427 3.64e-07 0.0
-0.014439095 -0.844253206 1.2311e-05 0.0
0.066730418 0.862229146 5.598e-06 0.0
0.728629102 0.473879059 4.8988e-05 0.0
-0.460467442 -0.685315911 2.5612e-05 0.0
-0.906353465 -0.039439364 4.8482e-05 0.0
0.57889996 -0.660431663 4.2189e-05 0.0
0.45083419 -0.612148857 3.4033e-05 0.0
-0.301266299 0.651590917 1.2007e-05 0.0
-0.440243501 -0.584890992 6.266e-06 0.0
-0.350094878 0.713439673 2.7043e-05 0.0
0.466953425 -0.745363854 3.4563e-05 0.0
-0.431103694 0.794599071 3.2617e-05 0.0
0.374284672 0.692572817 2.0019e-05 0.0
0.788787529 0.04366612 1.1636e-05 0.0
-0.238643349 -0.749648284 1.2533e-05 0.0
-0.488157066 0.597165027 3.729e-05 0.0
0.607973467 0.467388887 4.6614e-05 0.0
0.399451465 -0.672077234 1.737e-05 0.0
-0.740506484 -0.386196143 3.8941e-05 0.0
0.38141654 0.712462354 4.4382e-05 0.0
0.621090049 0.391685725 9.467e-06 0.0
0.816357675 0.049685017 3.9212e-05 0.0
-0.780521684 0.588148803 4.5268e-05 0.0
0.892889971 0.296435864 3.0639e-05 0.0
0.731768598 -0.244300152 1.1835e-05 0.0
-0.112382821 0.976836011 2.2017e-05 0.0
0.406341645 -0.67565907 2.2439e-05 0.0
0.34628205 0.866856758 4.1603e-05 0.0
0.843906928 0.410240364 2.952e-05 0.0
0.614337556 -0.436161846 8.828e-06 0.0
0.888013471 0.004779321 2.0478e-05 0.0
0.082201991 -0.95164115 2.5569e-05 0.0
0.323596462 -0.915482246 4.31e-06 0.0
0.803947851 -0.471355346 4.6552e-05 0.0
-0.491286394 -0.634704932 4.9672e-05 0.0
-0.994001608 0.660652904 4.0973e-05 0.0
-1.164159479 0.644978079 2.0029e-05 0.0
-1.204552247 0.087807689 4.6197e-05 0.0
-0.714025391 0.592374666 2.1489e-05 0.0
-1.134018618 0.676229184 8.642e-06 0.0
-0.884336545 -0.052948129 1.6986e-05 0.0
-1.188053534 0.47840063 3.0502e-05 0.0
-1.069091881 0.133457445 3.7648e-05 0.0
-1.041676597 0.644378876 9.331e-06 0.0
-0.853998305 0.668349589 4.4073e-05 0.0
-1.286243858 0.3564166 9.33e-07 0.0
-1.213955147 0.440731881 2.4791e-05 0.0
-1.034038809 0.066651559 2.3516e-05 0.0
-0.731989248 0.613440119 3.71e-06 0.0
-0.689160809 0.727906569 1.2e-08 0.0
-0.761325241 0.709760377 3.8897e-05 0.0
-0.78521005 0.740391498 2.3989e-05 0.0
-0.679186081 0.717444079 7.518e-06 0.0
-1.149361017 0.073961596 2.5483e-05 0.0
