-0.784251517 0.186192547 0.789348397 0.0
-0.528701795 0.655774462 0.365792568 0.0
0.55755652 0.150637366 0.690771292 0.0
-0.591899605 -0.732903817 0.925352606 0.0
0.492086395 0.219897762 0.024290373 0.0
0.532203881 0.766858431 0.084038693 0.0
-0.439230486 0.761312395 0.433348735 0.0
-0.691589366 0.611305007 0.59481482 0.0
-0.821790108 -0.378591603 0.964366736 0.0
0.330231519 -0.73418118 0.338085679 0.0
0.044359449 0.827408963 0.648161686 0.0
-0.135811748 0.981500073 0.537402544 0.0
0.295660429 0.61982963 0.280000796 0.0
0.649997891 0.013655645 0.170398755 0.0
0.709939827 0.615715682 0.715826591 0.0
0.707166799 0.155081246 0.007944983 0.0
-0.710181039 -0.269023731 0.542402014 0.0
-0.609161051 -0.119856024 0.631291098 0.0
0.966376549 -0.090100342 0.660324674 0.0
0.367881283 0.7450266 0.747567935 0.0
0.7280302 0.3137647 0.44601521 0.0
-0.139592653 0.6805492 0.057549752 0.0
0.679220698 -0.631740706 0.71158959 0.0
0.618849739 0.544969335 0.079848859 0.0
0.197612074 0.588198373 0.597105488 0.0
0.458251491 0.457811669 0.467570005 0.0
0.7777383 0.363490741 0.051451143 0.0
-0.068627686 -0.51691959 0.560797073 0.0
-0.874215381 0.255512295 0.985551404 0.0
-0.697790852 0.630802541 0.52232431 0.0
0.842746906 0.50960254 0.605362025 0.0
-0.559867111 0.16719904 0.662996411 0.0
-0.704638737 0.256692973 0.395563313 0.0
-0.293934629 0.602274989 0.671729828 0.0
-0.496072497 -0.402394727 0.177831515 0.0
-0.608422333 -0.547681152 0.612118787 0.0
0.474460934 0.479810536 0.744949014 0.0
-0.494190021 -0.559826381 0.564085671 0.0
0.397835189 0.618613785 0.097886947 0.0
-0.00607253 0.645597835 0.708784772 0.0
0.583810455 0.532830884 0.605784683 0.0
-0.541487376 -0.317946352 0.837072764 0.0
0.017411754 0.854999554 0.753174959 0.0
-0.419852853 0.681770867 0.766200615 0.0
-0.91302918 -0.02688298 0.172611409 0.0
-0.602827149 0.009121219 0.514217807 0.0
-0.782670424 -0.61395758 0.234415661 0.0
0.694890603 0.142861609 0.58426687 0.0
0.411484556 -0.905737153 0.932996441 0.0
0.558784721 0.35259996 0.195244274 0.0
0.438114327 -0.863451285 0.283953191 0.0
0.590302613 0.552248005 0.769113993 0.0
0.587120533 -0.509165874 0.610688126 0.0
-0.625084912 0.108860684 0.763506595 0.0
-0.670912086 -0.456575174 0.425684728 0.0
0.758571861 -0.355266772 0.363781017 0.0
-0.678278947 -0.325003588 0.925256038 0.0
0.456101613 -0.696396377 0.493954195 0.0
0.663703017 0.195999069 0.865213332 0.0
-0.846292156 0.031887216 0.576826735 0.0
-0.324680511 -0.473669595 0.185178362 0.0
0.417422163 -0.494030629 0.535366012 0.0
0.895178228 -0.268011106 0.574248723 0.0
0.150745656 0.934885469 0.529136263 0.0
0.71846506 -0.313127306 0.027836907 0.0
0.337402223 0.839507362 0.312376341 0.0
-0.04038746 -0.815772558 0.246072416 0.0
-0.501312028 0.171819969 0.534195317 0.0
-0.969859311 0.143725863 0.527227901 0.0
0.589432031 -0.155345147 0.650698397 0.0
0.456116352 0.875446715 0.330453057 0.0
0.659802245 -0.596635388 0.953297682 0.0
0.193630407 0.579041876 0.5841378 0.0
-0.641548982 0.529734758 0.215337483 0.0
0.102396696 0.920743157 0.611764045 0.0
-0.037353537 0.673207137 0.386835983 0.0
-0.305254744 -0.81211337 0.733126297 0.0
0.718470778 -0.25041313 0.326479106 0.0
0.750563928 -0.462150193 0.540979747 0.0
-0.888323925 0.257677649 0.083231013 0.0
-0.542377716 -0.34845126 0.690188686 0.0
-0.049659116 0.679034464 0.524025051 0.0
0.809283802 0.091353994 0.870742712 0.0
0.789074163 -0.560787852 0.175435474 0.0
0.973595145 -0.179227418 0.987403419 0.0
-0.060724169 -0.796348975 0.493071784 0.0
-0.358421433 -0.834888582 0.846402393 0.0
0.379736617 0.558845171 0.19321603 0.0
-0.549131335 -0.210676152 0.660623702 0.0
0.852925475 -0.481429691 0.065548908 0.0
-0.698406408 -0.128636093 0.491439348 0.0
-0.488334043 -0.410295933 0.510446282 0.0
-0.371135058 -0.844100615 0.740388314 0.0
0.056694252 -0.797962953 0.865569273 0.0
0.55759594 -0.791512526 0.198344972 0.0
0.520330767 -0.45134627 0.672820985 0.0
-0.569409136 0.37248221 0.749214179 0.0
0.505410468 -0.208194209 0.581664616 0.0
-0.732319392 0.447340779 0.965101163 0.0
-0.479131584 -0.709001876 0.221993553 0.0
