0.176093043 0.549735653 9.427e-06
0.581916716 -0.708637697 8.616e-06
0.422169563 -0.365240232 2.2805e-05
0.05892927 -0.804621122 2.8534e-05
0.342104118 0.714330854 5.765e-06
0.52089754 0.588665637 1.8124e-05
0.476678921 -0.433818718 7.236e-06
-0.962162235 0.267450724 4.0925e-05
-0.090626709 0.635190059 1.5856e-05
-0.683339118 -0.649660265 3.2472e-05
-0.574444135 0.754765206 9.917e-06
-0.433481055 -0.31442871 1.8992e-05
0.55247981 0.052781925 1.7073e-05
-0.452536292 -0.575790747 3.1788e-05
-0.57259209 -0.252143904 9.211e-06
-0.549823823 0.692304499 2.562e-05
-0.387128364 0.609140509 1.1758e-05
0.709506362 0.380546887 1.5999e-05
-0.454315764 0.347576191 3.475e-05
-0.351646767 0.585526372 1.0048e-05
-0.594096431 -0.587903176 5.813e-06
-0.370415052 0.398945266 8.274e-06
-0.288563784 0.747730618 4.1423e-05
-0.870994981 -0.287406564 1.4044e-05
-0.044381461 -0.647600114 2.1735e-05
-0.425898008 0.497768036 1.5813e-05
0.852866115 0.318600266 3.1268e-05
-0.466477467 -0.866318239 4.9591e-05
0.984128943 0.033213465 1.1956e-05
-0.685368015 0.198786061 4.2561e-05
-0.258109082 -0.62054269 4.6938e-05
0.555580745 0.700189579 4.9283e-05
0.633783017 -0.096035184 4.3677e-05
-0.479901107 0.417671944 4.0702e-05
0.839107944 0.153933308 3.4883e-05
0.897865739 -0.041461433 4.6293e-05
0.01150093 -0.5623094 3.8934e-05
-0.297435612 0.84693239 7.198e-06
0.663638339 -0.27049198 3.2131e-05
0.66049872 -0.677722917 3.586e-05
0.163014291 0.614757133 5.457e-06
0.361302991 0.553442489 4.2877e-05
-0.929578676 0.227713043 4.11e-05
0.911410032 -0.19756475 2.7814e-05
-0.720040962 0.637593178 2.6516e-05
0.845457185 0.396638066 3.9346e-05
-0.473369921 0.193866135 1.5099e-05
0.693025466 -0.626729879 2.9546e-05
0.338445736 -0.721169187 1.6568e-05
-0.647841706 0.249655277 1.8946e-05
-0.143771671 -0.625181381 1.484e-05
0.177668035 0.686342518 2.4684e-05
0.331724694 -0.805131302 4.526e-05
-0.048895933 -0.724851417 3.5774e-05
0.481540683 -0.728433748 5.607e-06
-0.828133396 0.359392434 1.2961e-05
0.044825326 -0.712188642 2.2057e-05
-0.031442122 -0.926054159 3.5005e-05
0.464672882 -0.361006276 1.8947e-05
-0.078400244 -0.497501787 5.989e-06
-0.54047069 -0.606838043 2.2454e-05
0.083617654 0.74979826 2.854e-05
0.984781511 -0.031177716 3.0401e-05
0.81336082 0.448085832 1.5154e-05
0.697851164 -0.29244079 1.936e-06
-0.305811071 -0.791113722 3.3198e-05
-0.314508703 0.792693638 4.9563e-05
-0.786067258 -0.476469398 1.193e-06
-0.203856946 0.493016339 2.0342e-05
-0.683837624 -0.265616241 7.549e-06
0.542038649 -0.778709561 4.7266e-05
0.029287097 0.583393854 3.0455e-05
0.887500272 0.331293034 9.833e-06
0.952793542 0.297248212 4.9561e-05
-0.105760118 0.905423635 4.78e-05
0.507475966 -0.049903581 1.5764e-05
-0.741829773 0.305380135 3.9048e-05
0.647478812 0.649921706 1.1336e-05
0.445421002 -0.457033914 2.8603e-05
-0.540216997 0.273218694 3.3806e-05
-0.572758737 0.027128567 3.0172e-05
-0.181513061 0.814024542 3.2804e-05
-0.742004671 0.648594263 4.6564e-05
0.621992372 -0.004027957 4.0815e-05
-0.024540778 -0.634094052 4.8815e-05
0.529906773 0.314831594 3.31e-06
0.765190894 0.580626561 4.2473e-05
0.233178044 0.819256096 4.2884e-05
0.823394081 0.31531746 4.52e-05
0.265492602 -0.53582837 1.2279e-05
-0.457896097 -0.299616488 3.4276e-05
0.296357554 0.517888024 2.0119e-05
-0.48067492 0.782520662 4.6602e-05
-0.137992474 -0.978637697 2.3138e-05
0.157593863 0.836712172 1.9349e-05
-0.620946813 0.31790807 3.8568e-05
-0.483703434 -0.754509145 6.445e-06
-0.781397263 0.10926894 4.5431e-05
0.043161679 -0.666205187 7.311e-06
-0.309794599 0.88263616 2.2041e-05
