; 0.004044220256  0.004052775178
-1, 52,53
1, 52,76
-1, 53,76
; 0.007595350748  0.009631490228
1, 55,56
-1, 55,73
1, 56,73
; 0.008533796517  0.009190604014
1, 2,13
-1, 2,3
-1, 3,13
; 0.00867500832  0.009101198506
-1, 36,40
1, 36,67
-1, 40,67
; 0.008721932434  0.009460679787
-1, 3,13
1, 3,5
1, 5,13
; 0.01008932801  0.01048649514
-1, 54,55
1, 54,73
-1, 55,73
; 0.01082945366  0.011355682
-1, 54,73
1, 54,93
-1, 73,93
; 0.01156609667  0.01370196834
-1, 25,68
1, 25,82
-1, 68,82
; 0.01159277005  0.01176847739
-1, 68,82
1, 68,84
-1, 82,84
; 0.0117407317  0.01481972161
1, 57,62
-1, 57,74
1, 62,74
; 0.01224230884  0.0125281667
-1, 56,75
1, 56,90
-1, 75,90
; 0.01253733761  0.01484263873
1, 57,74
-1, 57,94
1, 74,94
; 0.01258512982  0.01891029172
1, 54,62
-1, 54,93
1, 62,74
1, 74,94
-1, 93,94
; 0.014076897  0.01427466009
-1, 54,93
1, 54,94
-1, 93,94
; 0.01418995759  0.01699200054
1, 11,12
-1, 11,18
1, 12,18
; 0.01474662129  0.02497757024
1, 0,14
-1, 0,70
-1, 12,15
1, 12,70
1, 14,15
; 0.01526158026  0.01527215862
1, 39,62
-1, 39,74
1, 62,74
; 0.01572586653  0.01573390533
-1, 39,57
1, 39,94
-1, 57,94
; 0.01573962927  0.01581036672
1, 38,44
-1, 38,67
1, 44,67
; 0.01592834453  0.01699232807
1, 55,56
-1, 55,92
1, 56,92
; 0.01646200732  0.01692983859
-1, 35,36
1, 35,67
-1, 36,67
; 0.01689695507  0.01710741627
1, 13,50
1, 5,13
-1, 5,50
; 0.01711832949  0.01771283476
1, 21,82
-1, 21,83
1, 82,83
; 0.01718393585  0.02029755478
1, 12,15
-1, 12,70
1, 15,70
; 0.01751145988  0.01996475947
1, 56,73
-1, 56,90
1, 73,89
1, 89,90
; 0.01754877337  0.01867981663
1, 54,57
-1, 54,62
1, 57,62
; 0.01764287651  0.01960606188
1, 26,37
-1, 26,38
1, 37,38
; 0.01808282661  0.01808374686
-1, 33,34
1, 33,35
-1, 34,35
; 0.01820046306  0.01948331828
1, 25,68
1, 9,25
-1, 9,68
; 0.01820615822  0.02540866753
1, 55,73
-1, 55,92
1, 73,89
-1, 88,89
1, 88,92
; 0.0186498561  0.02225744884
1, 12,15
-1, 12,17
1, 15,17
; 0.01957519157  0.02704354224
-1, 11,18
1, 11,20
1, 16,18
-1, 16,19
-1, 19,20
; 0.01968768668  0.02945120157
-1, 86,87
1, 86,91
-1, 87,88
-1, 88,89
-1, 89,91
; 0.02055588467  0.02055620151
1, 55,73
-1, 55,92
1, 73,92
; 0.02061796067  0.02178214532
-1, 88,89
1, 88,91
-1, 89,91
; 0.0208287022  0.02124102043
-1, 68,82
-1, 7,68
1, 7,82
; 0.02143406544  0.0222482498
1, 56,72
-1, 56,75
1, 72,75
; 0.02177476684  0.02246025638
1, 2,3
-1, 2,6
1, 3,6
; 0.0218448111  0.02428938692
-1, 25,68
1, 25,81
-1, 68,81
; 0.02220487767  0.02250378546
1, 0,14
-1, 0,65
1, 14,65
; 0.02242673243  0.02298935977
1, 88,89
-1, 88,92
1, 89,92
; 0.02273063027  0.04371856634
-1, 10,16
-1, 16,19
-1, 2,10
1, 2,6
1, 6,7
1, 7,82
1, 8,19
-1, 8,82
; 0.02289699039  0.02304486131
-1, 36,40
1, 36,41
-1, 40,41
; 0.02291061439  0.02368894673
-1, 10,16
1, 10,17
-1, 16,17
; 0.02321630524  0.02326476536
-1, 54,62
1, 54,74
-1, 62,74
; 0.02325956798  0.0313761041
-1, 10,13
1, 10,17
-1, 13,50
-1, 15,17
1, 15,69
-1, 50,69
; 0.02328005773  0.03200657841
-1, 28,29
1, 28,37
-1, 29,31
1, 30,31
-1, 30,37
; 0.02349867257  0.02682750199
-1, 10,17
1, 10,69
1, 15,17
-1, 15,69
; 0.02357890308  0.02637486177
1, 10,13
-1, 10,69
1, 13,69
; 0.02383443445  0.02920330674
1, 10,15
-1, 10,17
1, 15,17
; 0.02402797697  0.02410861871
1, 0,15
-1, 0,70
1, 15,70
; 0.02406130599  0.02485569112
1, 27,60
-1, 27,61
1, 60,61
; 0.02445181161  0.02514189736
1, 4,47
-1, 4,49
1, 47,49
; 0.024577283  0.03247562642
-1, 2,10
1, 2,6
1, 6,7
1, 7,9
1, 9,10
; 0.02469548254  0.05895493673
1, 0,15
-1, 0,65
1, 1,48
-1, 1,49
1, 15,69
-1, 30,37
1, 30,65
-1, 37,38
-1, 38,67
-1, 40,48
1, 40,67
-1, 49,69
; 0.02477166949  0.0252599736
1, 21,25
-1, 21,82
1, 25,82
; 0.02510977114  0.02863695778
1, 56,72
-1, 56,92
1, 72,77
1, 77,92
; 0.02533088859  0.03682183705
-1, 27,60
1, 27,62
1, 51,60
-1, 51,62
; 0.02544609486  0.02555110101
1, 86,88
-1, 86,91
1, 88,91
; 0.02546988948  0.04310674353
1, 1,48
-1, 1,49
-1, 26,38
1, 26,46
-1, 38,67
-1, 40,48
1, 40,67
1, 46,47
1, 47,49
; 0.02586493691  0.02754446881
1, 56,72
-1, 56,92
1, 72,92
; 0.02611548188  0.02725266426
1, 1,48
-1, 1,49
1, 48,49
; 0.02614327087  0.03238459273
-1, 10,16
-1, 9,10
1, 9,16
; 0.026835222  0.06009811913
1, 28,32
-1, 28,37
1, 32,33
1, 33,35
1, 35,67
-1, 37,38
-1, 38,67
; 0.02704481516  0.03756960185
1, 22,80
-1, 22,81
-1, 64,80
1, 64,85
-1, 81,85
; 0.02756273067  0.03033060971
-1, 2,6
1, 2,7
-1, 6,7
; 0.02768872399  0.02897745249
1, 27,57
-1, 27,62
1, 57,62
; 0.02775337084  0.04736564181
-1, 64,80
1, 64,91
-1, 72,75
1, 72,78
-1, 75,91
1, 78,80
; 0.02793872994  0.02795635824
-1, 3,13
1, 3,6
1, 6,13
; 0.02800472699  0.03508921586
-1, 26,38
1, 26,48
-1, 38,67
-1, 40,48
1, 40,67
; 0.02807419438  0.03541074636
1, 26,30
-1, 26,48
1, 30,41
1, 41,48
; 0.02874406231  0.03679138087
1, 45,46
-1, 45,47
1, 46,47
; 0.02937318034  0.03003619036
-1, 22,81
1, 22,85
-1, 81,85
; 0.02954876946  0.04145109913
1, 1,2
-1, 1,49
1, 10,69
1, 2,10
-1, 49,69
; 0.02957877354  0.03594152561
1, 64,85
-1, 64,91
1, 85,91
; 0.02980709964  0.02980711854
1, 40,43
-1, 40,44
1, 43,44
; 0.02995026772  0.03218296524
-1, 6,7
1, 6,83
-1, 7,82
-1, 82,83
; 0.03033370829  0.03101406711
1, 6,82
-1, 6,83
1, 82,83
; 0.03095509772  0.0314121999
1, 14,15
-1, 14,65
1, 15,65
; 0.03102655638  0.0310277162
1, 24,25
1, 8,24
-1, 8,25
; 0.03129030425  0.03695964423
1, 16,24
1, 9,16
-1, 9,24
; 0.03156227983  0.03163811862
1, 38,41
-1, 38,67
1, 41,67
; 0.03197999924  0.0322205734
1, 39,52
-1, 39,53
1, 52,53
; 0.03252474453  0.03435787196
1, 27,51
-1, 27,62
1, 51,62
; 0.03270625524  0.03431316003
1, 1,2
-1, 1,4
1, 2,4
; 0.0329496827  0.03653681744
1, 30,31
-1, 30,65
1, 31,65
; 0.03303275166  0.03337784775
1, 26,38
-1, 26,48
1, 38,48
; 0.03317396538  0.04411543067
-1, 39,53
1, 39,74
-1, 53,98
1, 74,98
; 0.03344016976  0.037532858
-1, 46,47
1, 46,49
-1, 47,49
; 0.03367368748  0.03417683435
-1, 81,85
1, 81,91
-1, 85,91
; 0.03414947984  0.03431806855
1, 27,57
-1, 27,61
1, 57,61
; 0.03487677551  0.03947131253
-1, 39,57
1, 39,60
-1, 57,61
1, 60,61
; 0.03538400167  0.03564200776
1, 2,3
-1, 2,4
1, 3,4
; 0.0354972739  0.03685270013
1, 51,60
-1, 51,62
1, 60,62
; 0.03660917986  0.0367846715
1, 26,46
-1, 26,48
1, 46,48
; 0.03784318482  0.04720130645
1, 21,22
-1, 21,25
1, 22,81
-1, 25,81
; 0.03809126562  0.04422800263
-1, 71,72
1, 71,78
-1, 72,78
; 0.03812050528  0.29692099
-1, 1,2
1, 1,48
-1, 2,7
-1, 34,36
1, 34,66
-1, 36,41
-1, 39,52
1, 39,57
-1, 41,48
-1, 52,59
1, 57,93
-1, 59,66
-1, 68,81
-1, 7,68
1, 73,89
-1, 73,93
-1, 81,91
1, 89,91
; 0.03813601746  0.04680493987
1, 52,59
-1, 52,99
1, 59,99
; 0.03850908893  0.04043685222
1, 1,10
-1, 1,69
1, 10,69
; 0.03901830319  0.04249872764
-1, 72,78
1, 72,80
-1, 78,80
; 0.03940369199  0.04094277062
1, 1,47
-1, 1,48
1, 47,48
; 0.03940442905  0.0843766239
-1, 34,35
1, 34,66
-1, 35,44
1, 42,43
-1, 42,99
1, 43,44
-1, 59,66
1, 59,99
; 0.03951697124  0.04895337892
1, 55,63
-1, 55,92
1, 63,71
1, 71,72
1, 72,92
; 0.03952247437  0.0450815215
1, 55,63
-1, 55,92
1, 63,77
1, 77,92
; 0.04015609433  0.04015816921
1, 15,69
-1, 15,70
1, 69,70
; 0.04141379472  0.04152275773
1, 64,86
-1, 64,91
1, 86,91
; 0.0415937993  0.04159476106
1, 72,88
-1, 72,92
1, 88,92
; 0.04168942613  0.04235725441
1, 21,22
-1, 21,25
1, 22,25
; 0.04282444902  0.04348392801
-1, 63,77
1, 63,92
-1, 77,92
; 0.04285776368  0.04356367372
1, 21,22
-1, 21,24
1, 22,24
; 0.0430297291  0.04498374855
1, 15,65
-1, 15,69
1, 65,69
; 0.04320727344  0.04406752978
1, 52,58
-1, 52,59
1, 58,59
; 0.04338736234  0.04555555028
1, 63,72
-1, 63,77
1, 72,77
; 0.04341047069  0.04342167658
1, 19,24
1, 9,19
-1, 9,24
; 0.04346099922  0.04848323721
1, 74,96
-1, 74,98
1, 96,98
; 0.04497722267  0.04592416861
1, 96,97
-1, 96,98
1, 97,98
; 0.04518296936  0.04657373566
1, 34,59
-1, 34,66
1, 59,66
; 0.04563110527  0.04643350262
1, 74,95
-1, 74,98
1, 95,98
; 0.04573877714  0.0542508997
-1, 39,52
1, 39,58
-1, 52,58
; 0.04689426348  0.04910741233
1, 52,58
-1, 52,99
1, 58,99
; 0.04749908833  0.04892985715
1, 49,65
-1, 49,69
1, 65,69
; 0.04751430812  0.04837782401
1, 39,57
-1, 39,58
1, 57,58
; 0.04803855804  0.04806967261
1, 64,85
-1, 64,86
1, 85,86
; 0.04894442209  0.04957098737
-1, 42,43
1, 42,44
-1, 43,44
; 0.04948163824  0.05073712207
1, 3,4
-1, 3,50
1, 4,50
; 0.04969491381  0.05075594262
1, 6,20
-1, 6,8
-1, 8,20
; 0.04981182774  0.05035113477
1, 6,19
-1, 6,8
-1, 8,19
; 0.05039126549  0.06663562751
-1, 39,52
1, 39,61
-1, 52,59
-1, 59,66
1, 61,66
; 0.05111904413  0.05635229369
-1, 60,61
1, 60,66
-1, 61,66
; 0.05213075683  0.06022388289
1, 57,58
-1, 57,61
1, 58,61
; 0.05237472397  0.05337523558
1, 10,13
-1, 10,20
1, 13,20
; 0.05419156631  0.05442264453
-1, 71,72
1, 71,77
-1, 72,77
; 0.05541889406  0.05560688494
-1, 30,48
1, 30,49
-1, 48,49
; 0.05935377478  0.06910426959
1, 34,36
-1, 34,66
1, 36,58
1, 58,66
; 0.05938260006  0.06148732582
1, 22,23
-1, 22,24
1, 23,24
; 0.05964308401  0.06233448746
1, 35,42
-1, 35,44
1, 42,44
; 0.06065414464  0.06065637835
1, 16,23
-1, 16,24
1, 23,24
; 0.06175833641  0.06231652497
1, 22,23
-1, 22,79
1, 23,79
; 0.06397290723  0.06403426516
1, 34,58
-1, 34,66
1, 58,66
; 0.06404442199  0.06417388448
1, 59,60
-1, 59,66
1, 60,66
; 0.0684646497  0.08659177536
1, 40,43
-1, 40,48
1, 43,45
1, 45,48
; 0.07698494389  0.08010595985
-1, 35,42
1, 35,99
-1, 42,99
; 0.07872229929  0.08068567212
-1, 27,55
1, 27,63
-1, 55,63
; 0.08288341923  0.08353310398
-1, 36,58
1, 36,99
-1, 58,99
; 0.0913674392  0.09161545089
-1, 51,62
1, 51,63
-1, 62,63
; 0.2935072006  0.3010006196
-1, 14,41
1, 14,61
1, 36,41
-1, 36,61
