0 0.651879 0.425921 2.839e-06 0
1 0.577508 0.416192 4.2696e-05 0
2 0.607973 0.467389 4.6614e-05 0
3 0.686289 0.211252 4.787e-05 0
4 0.822326 0.22224 4.9176e-05 0
5 0.728629 0.473879 4.8988e-05 0
6 0.381417 0.712462 4.4382e-05 0
7 -0.18974 0.824985 4.3365e-05 0
8 0.0965432 0.789373 2.3205e-05 0
9 0.346282 0.866857 4.1603e-05 0
10 0.667072 0.628719 1.222e-06 0
11 0.567961 0.528156 5.45e-07 0
12 0.644191 0.575735 3.64e-07 0
13 0.843907 0.41024 2.952e-05 0
14 0.810151 0.49451 1.1849e-05 0
15 0.801879 0.209875 1.868e-05 0
16 0.374285 0.692573 2.0019e-05 0
17 0.326074 0.755897 1.9116e-05 0
18 -0.294258 0.756773 7.462e-06 0
19 0.0667304 0.862229 5.598e-06 0
20 -0.112383 0.976836 2.2017e-05 0
21 -0.469025 0.72079 2.366e-05 0
22 -0.679186 0.717444 7.518e-06 0
23 -0.689161 0.727907 1.2e-08 0
24 -0.683096 0.688884 1.1977e-05 0
25 -0.301266 0.651591 1.2007e-05 0
26 0.418913 -0.796998 2.3043e-05 0
27 0.486611 -0.517249 2.5506e-05 0
28 0.614338 -0.436162 8.828e-06 0
29 0.731769 -0.2443 1.1835e-05 0
30 0.788788 0.0436661 1.1636e-05 0
31 0.14173 -0.784707 2.939e-06 0
32 -0.0144391 -0.844253 1.2311e-05 0
33 0.323596 -0.915482 4.31e-06 0
34 0.0197018 -0.877067 1.5181e-05 0
35 -0.238643 -0.749648 1.2533e-05 0
36 0.132582 -0.73272 1.381e-05 0
37 0.785104 -0.483951 1.533e-05 0
38 0.399451 -0.672077 1.737e-05 0
39 0.450834 -0.612149 3.4033e-05 0
40 0.406342 -0.675659 2.2439e-05 0
41 0.082202 -0.951641 2.5569e-05 0
42 0.24581 -0.79183 4.9633e-05 0
43 0.466953 -0.745364 3.4563e-05 0
44 0.5789 -0.660432 4.2189e-05 0
45 0.816358 0.049685 3.9212e-05 0
46 0.731894 -0.119212 4.644e-05 0
47 0.559238 -0.610636 4.0264e-05 0
48 0.888013 0.00477932 2.0478e-05 0
49 0.901321 -0.0105747 2.0735e-05 0
50 0.89289 0.296436 3.0639e-05 0
51 -0.884337 -0.0529481 1.6986e-05 0
52 -0.660226 -0.591911 3.855e-05 0
53 -0.740506 -0.386196 3.8941e-05 0
54 -0.519644 -0.618417 2.4582e-05 0
55 -1.03404 0.0666516 2.3516e-05 0
56 -1.14936 0.0739616 2.5483e-05 0
57 -0.460467 -0.685316 2.5612e-05 0
58 -0.479255 -0.868508 2.6229e-05 0
59 -0.457987 -0.888174 2.6656e-05 0
60 -0.512639 -0.748128 1.2834e-05 0
61 -0.440244 -0.584891 6.266e-06 0
62 -0.709926 -0.258795 2.3142e-05 0
63 -0.934112 -0.0462814 1.3925e-05 0
64 -1.04168 0.644379 9.331e-06 0
65 0.975401 -0.206914 2.1265e-05 0
66 0.615048 -0.641319 2.449e-05 0
67 0.803948 -0.471355 4.6552e-05 0
68 0.581272 0.574449 3.3177e-05 0
69 0.738953 0.594189 1.565e-05 0
70 0.62109 0.391686 9.467e-06 0
71 0.515072 0.730443 6.239e-06 0
72 0.553436 0.56561 1.4753e-05 0
73 0.0160791 0.764542 1.8222e-05 0
74 -0.786318 -0.374584 4.3807e-05 0
75 -0.714025 0.592375 2.1489e-05 0
76 -0.491286 -0.634705 4.9672e-05 0
77 -0.731989 0.61344 3.71e-06 0
78 -1.28624 0.356417 9.33e-07 0
79 -1.13402 0.676229 8.642e-06 0
80 -1.16416 0.644978 2.0029e-05 0
81 -0.78521 0.740391 2.3989e-05 0
82 -0.431104 0.794599 3.2617e-05 0
83 -0.350095 0.71344 2.7043e-05 0
84 -0.761325 0.70976 3.8897e-05 0
85 -0.853998 0.66835 4.4073e-05 0
86 -0.994002 0.660653 4.0973e-05 0
87 -0.780522 0.588149 4.5268e-05 0
88 -0.436647 0.625994 3.9565e-05 0
89 -0.460131 -0.874593 4.9961e-05 0
90 -0.563901 -0.703019 4.2573e-05 0
91 -1.20455 0.0878077 4.6197e-05 0
92 -0.948406 -0.10244 4.6915e-05 0
93 -0.906353 -0.0394394 4.8482e-05 0
94 -0.774099 -0.170436 3.1066e-05 0
95 -0.876582 -0.23982 3.5925e-05 0
96 -1.06909 0.133457 3.7648e-05 0
97 -1.21396 0.440732 2.4791e-05 0
98 -1.18805 0.478401 3.0502e-05 0
99 -0.488157 0.597165 3.729e-05 0
