; 0.0005800621065  0.0005823313694
1, 11,68
-1, 11,72
1, 68,72
; 0.000911816884  0.001476642938
1, 0,2
-1, 0,70
-1, 1,2
1, 1,70
; 0.001014035391  0.001026475173
1, 44,47
-1, 44,66
1, 47,66
; 0.001638901528  0.001652902487
1, 23,24
-1, 23,84
1, 24,84
; 0.002279042807  0.002875534718
-1, 54,76
1, 54,90
-1, 57,60
1, 57,76
-1, 60,90
; 0.002330096795  0.002333860751
1, 10,12
-1, 10,69
1, 12,69
; 0.002484942247  0.002488800138
1, 54,76
-1, 54,90
1, 76,90
; 0.002534548456  0.002802268622
1, 24,77
-1, 24,84
1, 77,84
; 0.002575787545  0.002631655339
1, 81,84
-1, 81,85
1, 84,85
; 0.002753000631  0.002755238315
-1, 57,60
1, 57,90
-1, 60,90
; 0.002778080784  0.002778272996
1, 18,25
-1, 18,83
1, 25,83
; 0.002957744978  0.004209654021
1, 77,84
-1, 77,87
1, 84,85
1, 85,87
; 0.003027096965  0.003051248204
1, 19,73
1, 8,19
-1, 8,73
; 0.003262669131  0.003264597281
-1, 11,12
-1, 2,11
1, 2,12
; 0.003338162076  0.003419275322
1, 55,56
-1, 55,96
1, 56,96
; 0.003498953643  0.004039412269
-1, 27,39
1, 27,47
-1, 39,47
; 0.003549608285  0.003918150752
-1, 21,82
1, 21,83
-1, 82,83
; 0.003645291885  0.005059508408
-1, 0,2
1, 0,5
-1, 12,69
-1, 2,12
1, 5,69
; 0.003751277637  0.004201417345
1, 14,69
1, 5,14
-1, 5,69
; 0.00378448031  0.004427077151
1, 21,83
-1, 21,88
1, 83,88
; 0.00437613347  0.004732378451
-1, 2,12
1, 2,5
1, 5,12
; 0.004745751177  0.004817377973
-1, 25,83
1, 25,88
-1, 83,88
; 0.004810689737  0.004811462279
1, 53,62
-1, 53,74
1, 62,74
; 0.004936375956  0.006280545616
1, 39,43
-1, 39,47
1, 43,44
1, 44,47
; 0.005405829688  0.005907198738
-1, 52,54
1, 52,90
-1, 54,90
; 0.006488931204  0.008865136465
-1, 51,92
1, 51,94
-1, 92,95
1, 94,95
; 0.006577230099  0.008272933012
1, 62,74
-1, 62,94
1, 74,95
-1, 94,95
; 0.007179151289  0.007223913104
1, 68,71
-1, 68,72
1, 71,72
; 0.007497835406  0.008387959625
-1, 26,33
1, 26,42
-1, 33,42
; 0.007852649927  0.007872041901
-1, 31,34
1, 31,41
-1, 34,41
; 0.008362914899  0.008588108044
-1, 10,68
1, 10,71
-1, 68,71
; 0.008369342779  0.008445876849
1, 27,28
-1, 27,47
1, 28,47
; 0.009201833056  0.01707823343
1, 0,5
-1, 0,70
1, 13,50
-1, 3,15
1, 3,70
1, 4,15
-1, 4,50
1, 5,13
; 0.009486645979  0.00981663987
1, 26,38
-1, 26,42
1, 38,42
; 0.009647718088  0.009690759579
-1, 15,30
-1, 3,15
1, 3,30
; 0.00993679745  0.009950747364
1, 30,46
-1, 30,48
1, 46,48
; 0.01150372206  0.01593500814
1, 19,20
-1, 19,73
-1, 7,20
1, 7,73
; 0.01160341627  0.01272552661
1, 21,22
-1, 21,99
1, 22,24
1, 24,99
; 0.012053732  0.01206775313
-1, 16,71
1, 16,72
-1, 71,72
; 0.01275986201  0.01297672148
1, 24,75
-1, 24,99
1, 75,99
; 0.01342091791  0.01450026472
1, 28,37
-1, 28,66
1, 37,66
; 0.01419097672  0.01627205871
1, 28,29
-1, 28,37
1, 29,67
-1, 37,67
; 0.01489468935  0.01558558855
1, 33,41
-1, 33,42
1, 41,42
; 0.01518858357  0.01750298553
-1, 29,46
1, 29,65
-1, 46,49
-1, 49,65
; 0.01616694266  0.01754489216
-1, 35,57
1, 35,89
-1, 57,89
; 0.01674684322  0.01714647493
-1, 46,49
1, 46,65
-1, 49,65
; 0.01970606711  0.5140882591
1, 0,2
-1, 0,3
1, 11,68
1, 18,83
1, 19,73
1, 2,11
1, 21,24
-1, 21,83
1, 24,84
1, 27,28
-1, 27,39
1, 28,29
1, 29,46
-1, 3,30
-1, 30,46
-1, 32,35
1, 32,36
-1, 35,61
1, 36,42
1, 38,39
-1, 38,42
-1, 52,53
1, 52,54
-1, 53,62
1, 54,61
1, 55,92
-1, 55,96
-1, 62,94
-1, 64,86
1, 64,98
1, 68,71
1, 7,18
-1, 7,73
1, 78,91
-1, 78,97
1, 84,85
1, 85,86
1, 9,19
-1, 9,71
1, 91,96
1, 92,94
-1, 97,98
; 0.02421644182  0.02423796596
-1, 78,91
1, 78,96
-1, 91,96
; 0.02483134256  0.02544177895
1, 29,65
-1, 29,67
1, 65,67
; 0.07250424742  0.0728509546
1, 87,96
-1, 87,98
1, 96,98
