0 0.529907 0.314832 3.31e-06 0
1 0.296358 0.517888 2.0119e-05 0
2 0.361303 0.553442 4.2877e-05 0
3 0.823394 0.315317 4.52e-05 0
4 0.952794 0.297248 4.9561e-05 0
5 0.555581 0.70019 4.9283e-05 0
6 0.233178 0.819256 4.2884e-05 0
7 0.0292871 0.583394 3.0455e-05 0
8 0.0836177 0.749798 2.854e-05 0
9 0.177668 0.686343 2.4684e-05 0
10 0.813361 0.448086 1.5154e-05 0
11 0.647479 0.649922 1.1336e-05 0
12 0.8875 0.331293 9.833e-06 0
13 0.765191 0.580627 4.2473e-05 0
14 0.984129 0.0332135 1.1956e-05 0
15 0.55248 0.0527819 1.7073e-05 0
16 0.520898 0.588666 1.8124e-05 0
17 0.176093 0.549736 9.427e-06 0
18 0.163014 0.614757 5.457e-06 0
19 0.342104 0.714331 5.765e-06 0
20 0.157594 0.836712 1.9349e-05 0
21 -0.309795 0.882636 2.2041e-05 0
22 -0.0906267 0.63519 1.5856e-05 0
23 -0.387128 0.609141 1.1758e-05 0
24 -0.370415 0.398945 8.274e-06 0
25 -0.351647 0.585526 1.0048e-05 0
26 0.693025 -0.62673 2.9546e-05 0
27 -0.594096 -0.587903 5.813e-06 0
28 0.481541 -0.728434 5.607e-06 0
29 0.581917 -0.708638 8.616e-06 0
30 0.697851 -0.292441 1.936e-06 0
31 0.476679 -0.433819 7.236e-06 0
32 0.265493 -0.535828 1.2279e-05 0
33 0.0431617 -0.666205 7.311e-06 0
34 0.338446 -0.721169 1.6568e-05 0
35 0.0448253 -0.712189 2.2057e-05 0
36 0.42217 -0.36524 2.2805e-05 0
37 0.507476 -0.0499036 1.5764e-05 0
38 0.464673 -0.361006 1.8947e-05 0
39 -0.452536 -0.575791 3.1788e-05 0
40 0.0589293 -0.804621 2.8534e-05 0
41 -0.0314421 -0.926054 3.5005e-05 0
42 -0.0245408 -0.634094 4.8815e-05 0
43 0.0115009 -0.562309 3.8934e-05 0
44 0.542039 -0.77871 4.7266e-05 0
45 0.984782 -0.0311777 3.0401e-05 0
46 0.663638 -0.270492 3.2131e-05 0
47 0.621992 -0.00402796 4.0815e-05 0
48 0.445421 -0.457034 2.8603e-05 0
49 0.91141 -0.197565 2.7814e-05 0
50 0.845457 0.396638 3.9346e-05 0
51 -0.683838 -0.265616 7.549e-06 0
52 -0.0488959 -0.724851 3.5774e-05 0
53 -0.137992 -0.978638 2.3138e-05 0
54 -0.683339 -0.64966 3.2472e-05 0
55 -0.540471 -0.606838 2.2454e-05 0
56 -0.870995 -0.287407 1.4044e-05 0
57 -0.47337 0.193866 1.5099e-05 0
58 -0.433481 -0.314429 1.8992e-05 0
59 -0.143772 -0.625181 1.484e-05 0
60 -0.0443815 -0.6476 2.1735e-05 0
61 -0.483703 -0.754509 6.445e-06 0
62 -0.0784002 -0.497502 5.989e-06 0
63 -0.572592 -0.252144 9.211e-06 0
64 -0.647842 0.249655 1.8946e-05 0
65 -0.786067 -0.476469 1.193e-06 0
66 0.660499 -0.677723 3.586e-05 0
67 0.633783 -0.0960352 4.3677e-05 0
68 0.897866 -0.0414614 4.6293e-05 0
69 0.839108 0.153933 3.4883e-05 0
70 0.852866 0.3186 3.1268e-05 0
71 0.709506 0.380547 1.5999e-05 0
72 -0.297436 0.846932 7.198e-06 0
73 -0.540217 0.273219 3.3806e-05 0
74 -0.314509 0.792694 4.9563e-05 0
75 0.331725 -0.805131 4.526e-05 0
76 -0.466477 -0.866318 4.9591e-05 0
77 -0.203857 0.493016 2.0342e-05 0
78 -0.425898 0.497768 1.5813e-05 0
79 -0.828133 0.359392 1.2961e-05 0
80 -0.574444 0.754765 9.917e-06 0
81 -0.549824 0.692304 2.562e-05 0
82 -0.720041 0.637593 2.6516e-05 0
83 -0.288564 0.747731 4.1423e-05 0
84 -0.181513 0.814025 3.2804e-05 0
85 -0.10576 0.905424 4.78e-05 0
86 -0.480675 0.782521 4.6602e-05 0
87 -0.742005 0.648594 4.6564e-05 0
88 -0.74183 0.30538 3.9048e-05 0
89 -0.479901 0.417672 4.0702e-05 0
90 -0.454316 0.347576 3.475e-05 0
91 -0.620947 0.317908 3.8568e-05 0
92 -0.929579 0.227713 4.11e-05 0
93 -0.572759 0.0271286 3.0172e-05 0
94 -0.457896 -0.299616 3.4276e-05 0
95 -0.258109 -0.620543 4.6938e-05 0
96 -0.685368 0.198786 4.2561e-05 0
97 -0.781397 0.109269 4.5431e-05 0
98 -0.305811 -0.791114 3.3198e-05 0
99 -0.962162 0.267451 4.0925e-05 0
