0 0.707167 0.155081 0.00794498 0
1 0.557557 0.150637 0.690771 0
2 0.474461 0.479811 0.744949 0
3 0.590303 0.552248 0.769114 0
4 0.663703 0.195999 0.865213 0
5 0.70994 0.615716 0.715827 0
6 0.367881 0.745027 0.747568 0
7 0.197612 0.588198 0.597105 0
8 0.150746 0.934885 0.529136 0
9 0.19363 0.579042 0.584138 0
10 0.458251 0.457812 0.46757 0
11 0.532204 0.766858 0.0840387 0
12 0.61885 0.544969 0.0798489 0
13 0.58381 0.532831 0.605785 0
14 0.492086 0.219898 0.0242904 0
15 0.558785 0.3526 0.195244 0
16 0.29566 0.61983 0.280001 0
17 0.379737 0.558845 0.193216 0
18 0.397835 0.618614 0.0978869 0
19 0.337402 0.839507 0.312376 0
20 0.456116 0.875447 0.330453 0
21 -0.135812 0.9815 0.537403 0
22 -0.43923 0.761312 0.433349 0
23 -0.139593 0.680549 0.0575498 0
24 -0.0373535 0.673207 0.386836 0
25 -0.0496591 0.679034 0.524025 0
26 0.895178 -0.268011 0.574249 0
27 -0.496072 -0.402395 0.177832 0
28 0.789074 -0.560788 0.175435 0
29 0.852925 -0.48143 0.0655489 0
30 0.718471 -0.250413 0.326479 0
31 0.718465 -0.313127 0.0278369 0
32 0.557596 -0.791513 0.198345 0
33 0.438114 -0.863451 0.283953 0
34 0.330232 -0.734181 0.338086 0
35 0.456102 -0.696396 0.493954 0
36 0.417422 -0.494031 0.535366 0
37 0.758572 -0.355267 0.363781 0
38 0.750564 -0.46215 0.54098 0
39 -0.49419 -0.559826 0.564086 0
40 0.520331 -0.451346 0.672821 0
41 0.50541 -0.208194 0.581665 0
42 0.411485 -0.905737 0.932996 0
43 0.659802 -0.596635 0.953298 0
44 0.679221 -0.631741 0.71159 0
45 0.973595 -0.179227 0.987403 0
46 0.966377 -0.0901003 0.660325 0
47 0.809284 0.091354 0.870743 0
48 0.589432 -0.155345 0.650698 0
49 0.694891 0.142862 0.584267 0
50 0.842747 0.509603 0.605362 0
51 -0.78267 -0.613958 0.234416 0
52 -0.305255 -0.812113 0.733126 0
53 -0.371135 -0.844101 0.740388 0
54 -0.710181 -0.269024 0.542402 0
55 -0.698406 -0.128636 0.491439 0
56 -0.602827 0.00912122 0.514218 0
57 -0.488334 -0.410296 0.510446 0
58 -0.0686277 -0.51692 0.560797 0
59 -0.0607242 -0.796349 0.493072 0
60 -0.479132 -0.709002 0.221994 0
61 -0.324681 -0.47367 0.185178 0
62 -0.670912 -0.456575 0.425685 0
63 -0.913029 -0.026883 0.172611 0
64 -0.691589 0.611305 0.594815 0
65 0.649998 0.0136556 0.170399 0
66 -0.0403875 -0.815773 0.246072 0
67 0.587121 -0.509166 0.610688 0
68 -0.00607253 0.645598 0.708785 0
69 0.72803 0.313765 0.446015 0
70 0.777738 0.363491 0.0514511 0
71 -0.888324 0.257678 0.083231 0
72 -0.704639 0.256693 0.395563 0
73 -0.609161 -0.119856 0.631291 0
74 -0.608422 -0.547681 0.612119 0
75 -0.501312 0.17182 0.534195 0
76 -0.358421 -0.834889 0.846402 0
77 -0.969859 0.143726 0.527228 0
78 -0.641549 0.529735 0.215337 0
79 -0.528702 0.655774 0.365793 0
80 -0.697791 0.630803 0.522324 0
81 -0.293935 0.602275 0.67173 0
82 0.0443594 0.827409 0.648162 0
83 0.102397 0.920743 0.611764 0
84 0.0174118 0.855 0.753175 0
85 -0.419853 0.681771 0.766201 0
86 -0.732319 0.447341 0.965101 0
87 -0.874215 0.255512 0.985551 0
88 -0.784252 0.186193 0.789348 0
89 -0.625085 0.108861 0.763507 0
90 -0.559867 0.167199 0.662996 0
91 -0.569409 0.372482 0.749214 0
92 -0.846292 0.0318872 0.576827 0
93 -0.549131 -0.210676 0.660624 0
94 -0.542378 -0.348451 0.690189 0
95 -0.541487 -0.317946 0.837073 0
96 -0.678279 -0.325004 0.925256 0
97 -0.82179 -0.378592 0.964367 0
98 -0.5919 -0.732904 0.925353 0
99 0.0566943 -0.797963 0.865569 0
