; 0.001536197634  0.001613334957
1, 12,50
-1, 12,70
1, 50,70
; 0.002236005112  0.003047488647
1, 33,35
-1, 33,42
1, 35,52
-1, 42,60
1, 52,60
; 0.002241677376  0.002244087727
1, 31,36
-1, 31,48
1, 36,48
; 0.002616807911  0.002699559028
1, 28,29
-1, 28,44
1, 29,44
; 0.002949184646  0.00295066965
-1, 33,42
1, 33,43
-1, 42,43
; 0.003034578207  0.003086617818
1, 64,73
-1, 64,91
1, 73,91
; 0.00308447144  0.003210444318
1, 24,89
-1, 24,90
1, 89,90
; 0.003211074583  0.003864671142
1, 24,78
-1, 24,89
1, 78,89
; 0.003230131823  0.003255099167
1, 80,81
-1, 80,86
1, 81,86
; 0.003476728264  0.003523117829
-1, 23,25
1, 23,78
-1, 25,78
; 0.003637556685  0.0036744764
1, 64,88
-1, 64,96
1, 88,96
; 0.003692409793  0.003788343071
1, 64,88
-1, 64,91
1, 88,91
; 0.003804645187  0.004100896012
1, 15,37
-1, 15,47
1, 37,47
; 0.003963685432  0.004540106315
1, 72,74
-1, 72,84
1, 74,83
1, 83,84
; 0.004306322885  0.005004316607
1, 10,50
-1, 10,71
-1, 3,50
1, 3,71
; 0.004520399177  0.004823983354
-1, 37,47
1, 37,67
-1, 47,67
; 0.004685388215  0.004687048293
1, 3,50
-1, 3,71
1, 50,71
; 0.004943781114  0.005144893254
1, 11,16
1, 5,11
-1, 5,16
; 0.005143875568  0.006312144509
-1, 42,43
1, 42,60
-1, 43,62
-1, 59,60
1, 59,62
; 0.005186845162  0.005920302472
-1, 6,20
1, 6,9
1, 8,20
-1, 8,9
; 0.005671215179  0.005676979988
1, 17,18
1, 7,17
-1, 7,18
; 0.005753501314  0.005825776596
-1, 6,20
1, 6,9
1, 9,20
; 0.006563416024  0.01236787264
-1, 1,17
1, 1,2
-1, 17,18
1, 2,19
-1, 6,19
1, 6,9
1, 9,18
; 0.00690765191  0.006958443353
1, 79,92
-1, 79,99
1, 92,99
; 0.006955643176  0.008008701617
-1, 6,19
1, 6,9
1, 9,19
; 0.007461680435  0.007552762812
1, 73,89
-1, 73,91
1, 89,91
; 0.007572420287  0.007579694172
1, 23,25
-1, 23,83
1, 25,83
; 0.007660558941  0.008399520981
-1, 7,18
1, 7,8
1, 8,18
; 0.008227914292  0.008234180927
-1, 39,55
1, 39,61
-1, 55,61
; 0.008246397147  0.008953815484
-1, 61,76
1, 61,98
-1, 76,98
; 0.008346515451  0.01182984962
1, 23,81
-1, 23,83
1, 74,83
-1, 74,86
1, 81,86
; 0.008365894279  0.008502622416
1, 4,69
-1, 4,70
1, 69,70
; 0.008731930113  0.008768337349
-1, 80,81
1, 80,82
-1, 81,82
; 0.008996684178  0.0130531549
-1, 79,88
1, 79,92
-1, 88,96
1, 92,97
-1, 96,97
; 0.009147742399  0.01138234384
1, 24,77
-1, 24,78
-1, 25,77
1, 25,78
; 0.009702909202  0.01002942823
-1, 23,81
1, 23,86
-1, 81,86
; 0.009951169155  0.01700975976
-1, 39,61
1, 39,95
-1, 61,98
1, 95,98
; 0.01006052539  0.01803152058
-1, 22,77
1, 22,84
1, 25,77
-1, 25,83
-1, 83,84
; 0.01019679473  0.01019687691
1, 40,41
-1, 40,52
1, 41,52
; 0.01040789585  0.01068965594
1, 14,68
-1, 14,69
1, 68,69
; 0.01053678622  0.01390104971
-1, 57,73
1, 57,93
1, 64,73
-1, 64,96
1, 93,96
; 0.01087403448  0.01096690454
-1, 7,22
1, 7,8
1, 8,22
; 0.01144306196  0.01262634928
1, 2,16
-1, 2,19
-1, 5,16
1, 5,19
; 0.01193970867  0.01205619196
1, 16,19
1, 5,16
-1, 5,19
; 0.01231757133  0.0123780869
-1, 27,54
1, 27,65
-1, 54,65
; 0.01256926891  0.01293841943
-1, 93,96
1, 93,97
-1, 96,97
; 0.01296111593  0.01305360592
1, 22,83
-1, 22,84
1, 83,84
; 0.01372748798  0.0151003148
-1, 51,56
1, 51,65
-1, 56,65
; 0.01502079956  0.01883848907
-1, 22,84
-1, 8,22
1, 8,85
-1, 84,85
; 0.0158320807  0.02293094382
-1, 41,52
1, 41,53
-1, 52,59
1, 53,98
-1, 59,98
; 0.01660728844  0.01723427372
1, 32,33
-1, 32,43
1, 33,43
; 0.01716830415  0.02895484625
1, 27,39
-1, 27,65
1, 39,58
-1, 51,63
1, 51,65
1, 58,94
-1, 63,94
; 0.0172948928  0.03240916615
1, 0,15
-1, 0,71
1, 15,47
-1, 3,69
1, 3,71
-1, 30,46
1, 30,49
-1, 46,67
1, 47,67
1, 49,68
1, 68,69
; 0.0175990203  0.01762249742
-1, 52,59
1, 52,98
-1, 59,98
; 0.01802273322  0.0221492932
1, 0,15
-1, 0,71
1, 15,47
-1, 3,69
1, 3,71
1, 47,69
; 0.01817949459  0.02175337514
1, 47,67
-1, 47,69
1, 67,68
1, 68,69
; 0.01860440098  0.02310678504
1, 32,33
-1, 32,34
1, 33,35
-1, 34,75
1, 35,40
1, 40,75
; 0.01874062544  0.02099843699
-1, 28,34
1, 28,48
1, 32,34
-1, 32,48
; 0.0187665624  0.02185685663
1, 0,16
-1, 0,71
1, 11,13
-1, 11,16
1, 13,71
; 0.01937684494  0.01949018235
1, 47,68
-1, 47,69
1, 68,69
; 0.01949828532  0.2599659779
1, 0,15
-1, 0,16
1, 15,47
-1, 16,19
1, 18,19
1, 24,77
-1, 24,90
1, 31,36
-1, 31,46
-1, 32,36
1, 32,43
1, 39,58
-1, 39,95
1, 43,62
-1, 46,67
1, 47,67
1, 57,90
-1, 57,93
1, 58,94
1, 62,95
1, 63,93
-1, 63,94
1, 7,18
-1, 7,77
; 0.01972167546  0.02074895633
1, 0,16
-1, 0,71
1, 16,71
; 0.02048388599  0.02056388085
1, 28,29
-1, 28,48
1, 29,48
; 0.02100513602  0.02260827949
-1, 26,29
1, 26,31
-1, 29,48
1, 31,48
; 0.02134059902  0.02208247312
-1, 0,16
1, 0,2
1, 2,16
; 0.02157339885  0.0219938947
1, 34,35
-1, 34,40
1, 35,40
; 0.02184625312  0.02207853844
1, 49,67
-1, 49,68
1, 67,68
; 0.02226990711  0.02932340701
-1, 78,81
1, 78,89
1, 79,82
-1, 79,88
-1, 81,82
-1, 88,91
1, 89,91
; 0.02465424771  0.02555720998
1, 37,38
-1, 37,46
1, 38,46
; 0.02650812483  0.02660924075
1, 81,82
-1, 81,89
1, 82,89
; 0.02794312079  0.0301478904
1, 26,30
-1, 26,31
1, 30,31
; 0.0280045547  0.02881752653
-1, 82,89
1, 82,91
-1, 89,91
; 0.02829918136  0.02836705018
1, 27,63
-1, 27,94
1, 63,94
; 0.03989953351  0.040156686
1, 58,62
-1, 58,95
1, 62,95
; 0.04134480188  0.0421503249
1, 51,56
-1, 51,97
1, 56,97
